$ANSIBLE_VAULT;1.1;AES256
36306465646534383339343265303335343564303732653431323839323465373036306362653033
3062656566653563363036666564643062333964346364370a353339333936386137666432326630
62613634646231343937383030666164373734626363656363306535663935626130656464393862
6362356237666661330a636466663764656138653331373630616631306438363561333138343962
31343262343437653333336133336265663738636363656332373065303236346638623235613066
38623137633766343564633563386230356164356537316664626665383565643934656162326436
66313332363735626638613330326436396237666437373632336664313837393863363764323838
31353634326432373335316434313333363339396336303665323234653933633261633431303165
66316236616561396331363631646464343332623439653834366334343464323934393765393363
35376339393561343964333061366331633530326562663839393834303735613833316264343065
61633761663338643164333137623732393230356337323835373333613535666161656134656566
31663666353438343032653231373166333566376135383332643233343331313434626635326466
37393964376533346533393864666638646337663535383433313164383661326364323035326136
61613731306464663635386231653230313738616164333630303939383930316638316536363735
37393331616539653663363832636464346133613135343532376536303266316439643732346261
32616435613232616333306533613761316434383263383935316363306335326332303837653037
62653438623436353336653630366236373938636338306536376337376337666333643830303132
62633835663466653232633864323237643263633035643165633834643361376536396363356534
38646234303362303235663263383433633161393466653734373835373961386531326538396135
62303463303232623739613531333966343363663463383038333639316230633561613736356131
38633237636335633737636664323865306338363633363439373637326162323238346361376435
37313036373937653665323331343164626661653662623962323632646538626464393439313732
32663832346564313234613935653930336537643336343362303863396331303838653032396532
39343863663438643439653333633838636532343264373062383233616461303432326139633130
63636161666236356437643961656463373439323233666430343137303432386232643938376531
3462383234356666613661303434616465303635396436643064
