$ANSIBLE_VAULT;1.1;AES256
31663436356333356136663130323031333564376532326638366464623864363038353966393832
3932373831353536613963393438383536633262313062370a323630356664633061333661633862
36653936626665313164366462306466333232336439363361316231313966363738323536656539
3333393864376333640a616632316539356132356663643833646431653464393732363066303561
61666662636262396132343761616336353539623938636333303733353835313435643137653261
63373630313161616664636334616566383230333838613864363961623161303535313438316566
35326462636261353934366262393233633434323034663432383764313434643638343935303338
35353564636365373061336135646634616138323562656466303761663564336632353765353339
32613535306563373765323162363264653665383336386137376531373035663662316633366562
62396562643462316330313062303533326531313338666635643835653433343931323665613664
35623834636161633064376266353966626531636334346534373030353063393261643636363331
65323766666434643265613565396437653733623533363466656662666263653236383166616533
63336533336238306333383732306361363263656235663035373263616161383761383461383461
61643863386437333338613431306638383138633831376432646633316464343766363938613139
30663130313932623464666663393963356432656537316332333464643364363238333531663962
62393230353864613365303132663438336437623366343532393937303564376237623535393636
32623033363461643430316233316530363665396263393164623131663862656566306434393962
37623132383931353466373066646638643432396436633762613165313335373937363834623433
39633161346331643462353463356663313766333861636239353233333230353430313763663037
34663566663538343936666134313033616533663633383530663333326630653633313563346661
31303536303233663864393763623561393936643230326632346233373732313539386339636237
30393761346232313931363966666437343636643038353431336138616461313461393164386661
33613330313034363830306331623232393931323638616234663333373535346265323466313766
64363934636338633964663261306239653162313866663265383062643838613634353366353537
6534
