$ANSIBLE_VAULT;1.1;AES256
63326537646239323731383334333234343733393137373138336332313433346166623136663338
3437326634633764663136316532393230653231386137380a343830623532653163663138636465
36313563613633336561383031626232343239323738333362343764323936623539313933626134
3439366235353734340a306338313232636161363430393433376431666637613466613263643330
32633132663065323430373237613631656337623265363936666238383338656633303034646661
30393539313963316266356131383131396330633935653963346130623366633830366265343765
32383237663339353937343861646164343134353335313961383433613232646430373762383035
31653165376665353039656164353935663134336439383766393833616332656434323564326361
31636231643462363434643635356436663334646131376134626565663865643664326665386236
33343038353063616661633964643937366534363431303535633537613237356166346337613564
31343538623434396435366361303834623762616436346463343761653435636262366238303236
39623963613738666561613138666564643462303636316330376336383033653661333038343331
39643962626438613864306165373238323037386235323066643131663038383461396230663162
30383330623461383738333362323638623434663030313238653066333130323434316330623163
66656566363231616336623337396130333961363231656337323132643561633836613263663839
61343533393434356231313663396632383237663134323031663633616432356137396531376438
65663133353761626562313339616635663262363564353064613234346466373533653864363633
33336666616364343061666165306630663964653863666362313664663538393733663937313766
66613237383938646433373539343938666637646331613734333633303464383262326665393537
39333335363266643233333565386239643866346333303936343134626464663461336363343438
63313165343434656161366461626465646336363238316137313133346565306239353938663331
33356466613431346662353964616438623964393038373134373662313430363534616638313737
39626430323861636432343865636664373864343734323534613065343434623833343335353236
30363737316530333966633031353532353833303066636533383533383566643339613866623265
36373966613139383235333764616162353963353435613661366635393236383930613662616366
34613036363337396261346164366137623731663434396162386536633139373038613637353263
65333039616135383834323430376635643539326433626231633130313637306139343266386234
61326331616539643032656539386436643938396566356134623736306464323437626237316636
65393636323932326437656333366537366562336565366234373438313431666138303533333766
39663361306537313233353465613436313731386632353537373937626364663032653837313664
62613435336439386666336638623838373865353562393332336338373464303132396430636365
39306232306565613561643939316437653232643232633761396530343438393239363563366237
37636164343762383561363463376566373036626230636462316337663733633930623635636464
31643132316631323836656365333434623936623861316432356334303239333862643062356365
37636633663838323737326462613966386365383233303835306262363163663134356464346433
36333132643634656466663730323832656233653765646130663066653834313838306637633038
37616135393662333432356465656633643732363834663239363665303332666263306632626335
36656163636336303761613630663839366465383430353764386366346633646330653861383838
33653938316433363733373164353235633731633765303533663338363836666534333531386462
33373863356437313337363531333561336565363634626431633834633530616166373935366264
66303138343033313536316561666565366236626265613338333433626534346236653635393635
39376433643830666532663732366566316137326535346233343361623164643865336331386539
35356335643733343464646266646566643639343133373963313338633062346538373030383234
37393939333538653337343936396563626266396662313135623833386430633931666337306539
66303535396163393264346434336664643531613464636432386535646237663437373838643234
38303961643561623938373165356238613562303639626435633636316333653062633163393335
38363239656435323435316564346663633334313135346566353061363037393863306166636331
61366637316334666436623832303538666466666265323763373336363432343538323530346662
31343262656632623135633561633166306535643662363335323034626235373038633530613438
32386635643166646262633264306430383639626263613264363266376664626234383461376236
31326437626530383132333332656438633066303561633336323063626131636432643066383464
30623665303830346263383831323535306134376339313133356138383830626164353930393063
32616465383633386363386435643963303739396262663736653931333233393034623732343039
64633336366537303730633837363863333862363865613836653265633736663634653033663939
66376363323936383732366437663833613133663336373764306131366638393735643736646364
64313762356235333662666562316434633361373139346331323865386335653462303064356534
65646231613063383535363134353930623763356163613631643934636165636465613534386134
63313838333834353533333166353638303865663931633964323934646363356665626230623464
66353639663637373831643231323039363834313564653865336534346137626130376231306163
36306235393938663434633961373362613037376264383061363561613765623138626366323064
66353038663739303133343966646564393338336462303630383633666436383032373464353233
65346365656164313134623932666431623731663265393133663836366266623432313863303463
36333761646232316438326665626464366337313961393034383763613732316337633534633663
33343066646534636230633665363763663735346666303330353961363039623766376164323231
33646261376461323835316434336430336662393162393737663461396362613439666462323236
62636434356137663236353831346664636631646162663566333732323337616165373563616461
64636539316264613738303238633063343535366230376130623834313539323064623066616366
61396237333632646330643233636661646137666366656361373332316632613862616264346335
61333539316361363731383038613035353130616434383661303761323462396565623633373433
35303039643834343165653766303766353736323262383133356662373439303065646339363937
32643531396130363664376662393634653731663234383265333634613562333363323661383664
32393130316439383965643539346139353362303962363366343337383539646638636538613236
62656535333938623738313737396561373161616537396164623661336135306132353432346230
34366338653839356538313262353765656531363635333730303730376138333236396433366366
65343030376339323864386531623365323036393331656638326262376639356162323434366362
38323062393133616366656165333766356465356133396461663437343135666637336237663466
33623738313030633661346433303062393734633035623461626538326133346532623061373965
36393862376366613239613633636562323265313865353136313564393130313463366231616331
37623636623932316338613165623263393061333933663130343033623333376234313332643130
32326439396639646165643032633133383661323863326261636639316264346261393666346638
37633139623538626165336131303063306263636164326239386639636130646637386664613065
35373163623832616434366233383334653666313632323136316533343032663662623164636439
35373762323136356664623364373363386335633164343431323866363463323037656437323937
61333836333563353461326464663063303434346234656638343730633937303462666638313165
66626430386537623030353331386363663638636234363431366236303038623936383539616365
62316539303231383838663632636466653936626334356232333564353266303639636334626662
62353634616339643538396661323937396461343436633362613030633135343361653666623663
34383234303861353361356333306532326364646531386636393264336332313036323734323662
34366638653234633461393964346130313537383630306464643134373133646237326366376335
65653037303263626562333638636565353838666565343237363637356161313335396265366633
64636539313135613064373564306638376439663731366133623431336634386166336665633832
66356639626536326232316537396435323266323866343865623930303764653736646430336639
39333539366463653064386562626639373133306131636165336334363737303062313535303933
65386330383930313362623136303064306564306631643138646464363962396364626165396365
62616532663962313766346330343930323065333730316235306431663566333863633262336337
35373363646464396362363561303633376664366364396434306565616430386332333837643236
65323666373337653962613966323136373465346133613134373363393134646164343766393039
34393630316438313963613033633834643436313061356231353161326134643762626333393538
33623738383263373964336264363433653830393263343433313864393461653538306161623432
65626533353733353033356430303462636166363566346538653164333134616362343963343138
65303630323038326461386232333464356635323739313537633963323737643566386435383836
37356439636130386537303562363863366365393561356362363263333536646364373566393030
30336561316438636164613737333761313463396131366631373730316632636533616633393937
36396363616466616332376431336230306331333362393834663062623439613037393762313865
61393338316336326262353031636530633864613736333134336532656137653964666634333931
39373339376636363030393464313633316462346264303735393165353235383539653330363436
37646565666366663161616133386661653439316232653032636630653433313665306361386662
65316331366365343330633131663461373039366534666531646564643030663563313339346135
37623631663338393533626262306364396262616136366534333935323934633433323063653936
61636236643931643737653432623061313364626335666630343234396632346464626466303231
34653734303634333732366234333431623436666430393731386232316438616366383439643531
32373661633036313137663937303961383465336434363137356238306430396435653638636162
34383136336363643031356639653133303266373562343662633538643331643637663336326533
33313364323330313635326639396235383963343630326465663861646631306531623239383330
33333661653230663563356637396163623238626265356537393532366433393932616632663232
66623661393434376638623836373066376636623432373765396432373531343864666233303732
61303736616265363131313631643961323137393132613936353936623730346566616539336264
32633361323765396464663266373333393335343361396538353632653065656235643431666531
31616563343630653131346636343866313538653663663936306563366665626666336266396531
35646565383665376434653564366361383866373634366464393166666661626333616536636132
37613635376433613535616165643565653936626636386239343331393366353737613939353363
66626665366634633465343438346362353332626265653835663366343633643864323534333565
35623934636564336561363536623838656533663561356666313363323061353665396135643539
33653736646561303635663266313031626232653465666331366232353364306332303531396362
39636330323030303338613239353064343862616666376134626562303839336638653739653761
35326132373739323863653832653333333036353761393162306437383337613263336536373839
61363238383738303762333465363038336561356332333638623239396361666236316632643862
38383536363164336534653934393339313136356262366239373164316265343733373532633963
39616663336530353063323466633333666430383838363937363437333432333733313463383031
34323164643133376330653139346232383466316263363738333133303564326335633864313435
31383833623864653262323639303730373338373335646532326138333566666437636630636332
65306231353038383235646136316633633430303439316164376337326535646434616261386137
35613732653534626164383764323332383731303936643966393032343561333130633035616235
3566633239303831363665636538303438376637663366636366
