$ANSIBLE_VAULT;1.1;AES256
33396432346331363039643962636365656436623937326634646166396562643037616463653035
3234663233666564633161363439633464646339366335630a636164333066386635323935383734
37613134346139646534633066316165636132353861346439656635343666363464623132333934
3935343665633335320a626434386232366538633232336338363230303734376130356632353264
36633733306166383461623731656238616436663934636530333262643439653134663133303034
61636635376362383962636239363964333933313661643231653061366435306331323938646630
35646365663635323736366138336134636438656461313935616166363862303263373235666135
36336231373465376435386164633232373062356563653631343866383138356664306262646539
66653661663031333939303035646436663239613835663235653731616263313039343233333230
64666663323665363037623264343261333137346266373262313636323630656162333336323839
34323835373733383832363061366532613866356232323062636561666534323636656637643662
66353064343234373431333961356436633938373234616665633964383637343231343435613239
37626261383165313966316165313132616135636239343033386338313034373636363233333236
62396665306661623234666463313237383537383566336563623838346632623265396361613633
36656561613962626632663233323364313333376162343865333366666565363761636534373866
61326436363363666665613561306636336537353035386231396361333563356135643632653564
64663334613866366135396333633964373933356435643439363430626436386364336565313637
33653130343164613263646632626435306163616639633463636437393862313033313433313336
35303166613738306339313435376632623766616465653337396261363536663464346339663365
64316662396133643537363465313034363939643961663265626237343138373837636237643638
32653763663465326163373139346265636334616133386664326263396666363062623932663563
38636465616634313066626236663336646539346330386261323737633763333662646566383537
64646166663165356465356662626362633135336131383530653836373661346632393861343564
39333563313331636564
