$ANSIBLE_VAULT;1.1;AES256
37333333323735376564303764643134653861343734313837646132623862323330643336323530
3939373938613362323538623035313235643135356239630a343336353561636232333136306337
62353031636462663839383332353234646534616561353361323138313837666238353033363634
3839373136343139640a663633386338663633376264396366613262393234666239333363646132
32656537346430333435353339393065306234353534336365353036363638363835616638353537
32356335313033653936373339643935303733643163383965626335336339616139393131666637
31626537323030393632343139343763343530373532393538636136313065633430326239363232
61346438333566323234353633613166346232306462396564326637386537346664313038643462
36316563396133663330373063363666383834663764326361633862636432333031626334343761
33643138353237363437623039326463346562386431373738363664333566393965386166353163
65313137636565316232376239346630376465626230323637613738643532653965346434353635
63346235313432653666646562396139616134353036646630613165383435323431663331353962
63393236376333653464316338373065346330356565363133663836626132633136373535336166
34326361323132326636303365313134306162656465363134386662656130616662336231396530
30316664333663323031646430336531303262393534343133343164326465383361333762646439
65633730633235633536636436613266633036353637616138616539636438323930316663656235
32326264386561663330646133623837313866306561373939373661393665616131366561656237
61616665313632313865386233393137386337373334343634363234383430636637646631313031
61353633356663626434316664313734333865383961376362653432646337313763656534353039
32653163613666313331353438363165623736656235363862333834663762653334396165346435
39363762623439303735653564613832333936313736643033303839363464633166323866636266
66326133623134663131633135643031326632303363323966633262663561633432613862363130
66343961373335616130396262656566326237366638303839623465356336613732626230333166
62313932373139376266
